10 0 + 0
10 5.375 - -23.40625
10 0.3 * 0.7
10 26.8 / -7.6
10 2 5.375
10 2 -23.40625
2 10 01000000000000010101100000000000000000000000000000000000000000000000000000000000000000000000000000000000000000000000000000000000
2 10 11000000000000110111011010000000000000000000000000000000000000000000000000000000000000000000000000000000000000000000000000000000
10 2 28.78125
2 10 01000000000000111100110010000000000000000000000000000000000000000000000000000000000000000000000000000000000000000000000000000000
2 01000000000000010101100000000000000000000000000000000000000000000000000000000000000000000000000000000000000000000000000000000000 - 11000000000000110111011010000000000000000000000000000000000000000000000000000000000000000000000000000000000000000000000000000000
10 0.3 + 0
10 0.299999999999999999999999999999999999999999999999 + 0.00000000000000000000000000000000000001
10 0.29999999999999999999999 - 0
10 1 / 0
2 00111111111111110000000000000000000000000000000000000000000000000000000000000000000000000000000000000000000000000000000000000000 / 00000000000000000000000000000000000000000000000000000000000000000000000000000000000000000000000000000000000000000000000000000000